"2025-06-18 10:10:23",問題報告,テスト,
"2025-06-18 17:12:14",問題報告,test,20250618171214_685274de29a99.jpeg
"2025-06-18 17:26:56",アドバイス,てすとてすと,20250618172656_68527850a60c9.jpeg
"2025-06-18 17:29:44",問題報告,ttttt,
"2025-06-18 17:32:19",問題報告,test,
"2025-06-18 17:36:08",要望,ggggg,
"2025-06-18 17:36:24",アドバイス,aaaaa,
"2025-06-26 17:06:51",問題報告,テストメッセージ,
"2025-06-26 17:07:30",アドバイス,ちゃねこさま,
"2025-06-26 17:17:02",問題報告,今日は１日暑かったですね,
"2025-06-26 17:23:31",問題報告,素のJavaScriptテスト,
"2025-06-26 17:24:00",問題報告,お年玉ほしいな,
"2025-06-26 17:37:36",要望,aaaawww,
